|           | - | Room Types                             | - | Pickups                      | - | Triggers                     | - | Player Spawn                 | - | Enemy Spawn                  | - | Gates                        | - | Decorators                   |/

*
|           | - |  0,  0,  0,  0,  0,  0,  0, 13,  0,  0 | - | 0, 0, 0, 0, 0, 0, 0, 0, 0, 0 | - | 0, 0, 0, 0, 0, 0, 0, 0, 0, 0 | - | 0, 0, 0, 0, 0, 0, 0, 0, 0, 0 | - | 0, 0, 0, 0, 0, 0, 0, 0, 0, 0 | - | 0, 0, 0, 0, 0, 0, 0, 0, 0, 0 | - | 0, 0, 0, 0, 0, 0, 0, 0, 0, 0 |/
|           | - |  0,  0,  0,  0,  0,  0,  0, 13,  0,  0 | - | 0, 0, 0, 0, 0, 0, 0, 0, 0, 0 | - | 0, 0, 0, 0, 0, 0, 0, 0, 0, 0 | - | 0, 0, 0, 0, 0, 0, 0, 0, 0, 0 | - | 0, 0, 0, 0, 0, 0, 0, 0, 0, 0 | - | 0, 0, 0, 0, 0, 0, 0, 0, 0, 0 | - | 0, 0, 0, 0, 0, 0, 0, 0, 0, 0 |/
|           | - |  0,  0,  0,  0,  0,  0,  0, 13,  0,  0 | - | 0, 0, 0, 0, 0, 0, 0, 0, 0, 0 | - | 0, 0, 0, 0, 0, 0, 0, 1, 0, 0 | - | 0, 0, 0, 0, 0, 0, 0, 0, 0, 0 | - | 0, 0, 0, 0, 0, 0, 0, 0, 0, 0 | - | 0, 0, 0, 0, 0, 0, 0, 2, 0, 0 | - | 0, 0, 0, 0, 0, 0, 0, 0, 0, 0 |/
|  Level 1  | - |  1,  4,  7,  0, 11,  0, 16, 20, 25, 30 | - | 0, 0, 0, 0, 1, 0, 3, 0, 0, 0 | - | 0, 0, 0, 0, 0, 0, 0, 0, 0, 0 | - | 0, 0, 0, 0, 0, 0, 0, 0, 0, 0 | - | 0, 0, 0, 0, 0, 0, 0, 0, 0, 0 | - | 0, 0, 0, 0, 0, 0, 0, 0, 0, 0 | - | 5, 0, 0, 0, 2, 0, 0, 0, 0, 0 |/
|  Floor 1  | - |  2,  5,  8, 10, 12, 15, 17, 21, 26, 31 | - | 2, 0, 0, 0, 0, 0, 0, 0, 0, 0 | - | 0, 0, 0, 0, 0, 0, 0, 0, 0, 0 | - | 0, 0, 0, 0, 0, 0, 0, 0, 0, 0 | - | 1, 0, 0, 0, 0, 0, 0, 0, 0, 2 | - | 0, 0, 0, 0, 0, 1, 0, 0, 0, 0 | - | 0, 0, 0, 3, 0, 0, 0, 0, 0, 0 |/
|           | - |  3,  6,  9,  0, 13,  0, 18, 22, 27, 32 | - | 0, 0, 0, 0, 0, 0, 0, 0, 0, 0 | - | 0, 0, 0, 0, 0, 0, 0, 0, 0, 0 | - | 0, 0, 0, 0, 0, 0, 0, 0, 0, 0 | - | 0, 0, 0, 0, 0, 0, 0, 0, 0, 0 | - | 0, 0, 0, 0, 0, 0, 0, 0, 0, 0 | - | 4, 0, 0, 0, 1, 0, 0, 0, 0, 0 |/
|           | - |  0,  0,  0,  0, 14,  0,  0, 23, 28, 33 | - | 0, 0, 0, 0, 0, 0, 0, 0, 0, 0 | - | 0, 0, 0, 0, 0, 0, 0, 0, 0, 0 | - | 0, 0, 0, 0, 1, 0, 0, 0, 0, 0 | - | 0, 0, 0, 0, 0, 0, 0, 0, 3, 0 | - | 0, 0, 0, 0, 0, 0, 0, 0, 0, 0 | - | 0, 0, 0, 0, 0, 0, 0, 0, 0, 0 |/
|           | - |  0,  0,  0,  0,  0,  0,  0, 24, 29, 34 | - | 0, 0, 0, 0, 0, 0, 0, 0, 2, 0 | - | 0, 0, 0, 0, 0, 0, 0, 0, 0, 0 | - | 0, 0, 0, 0, 0, 0, 0, 0, 0, 0 | - | 0, 0, 0, 0, 0, 0, 0, 0, 0, 0 | - | 0, 0, 0, 0, 0, 0, 0, 0, 0, 0 | - | 0, 0, 0, 0, 0, 0, 0, 0, 0, 0 |